0
0.8
8.4
20.8
29
33.8
41.8
49.6
57.2
65.2
75.6
89
104.2
120.6
137
153.6
171
189.6
208.2
228
247.6
267.6
288.2
308.8
330
352
373.8
396.2
418.4
441.2
463.8
487.2
510.6
533.6
557
580.2
603.8
627.2
651.2
675
699.2
723.2
747.6
772
796.6
821
845.8
870.4
894.8
919.2
943
967.6
992.4
1017.2
1041.6
1066.4
1090.6
1110.2
1118.2
1123.8
1129.6
1132.6
1133.4
1133.6
1133.6
1133.6
1133.6
1134.4
1137
1139.8
1140.6
1140.6
1140.6
1140.6
1140.6
1140.6
1140.6
1140.6
1140.6
1140.6
1140.6
1140.6
1140.6
1140.6
1140.6
1140.6
1140.6
1140.6
1140.6
1140.6
1140.6
1140.6
1140.6
1140.6
1140.6
1140.6
1140.6
1140.6
1140.6
1140.6
1140.6
1140.6
1140.6
1140.6
1140.6
1140.6
1140.6
1140.6
1140.6
1140.6
1140.6
1140.6
1140.6
1140.6
1140.6
1140.6
1140.6
1140.6
1140.6
1140.6
1140.6
1140.6
1140.6
1140.6
1140.6
1140.6
1140.6
1140.6
1140.6
1140.6
1140.6
1140.6
1140.6
1140.6
1140.6
1140.6
1140.6
1140.6
1140.6
1140.6
1140.6
1140.6
1140.6
1140.6
1140.6
1140.6
1140.6
1140.6
1140.6
1140.6
1140.6
1140.6
1140.6
1140.6
1140.6
1140.6
1140.6
1140.6
1140.6
1140.6
1140.6
1140.6
1140.6
1140.6
1140.6
1140.6
1140.6
1140.6
1140.6
1140.6
1140.6
1140.6
1140.6
1140.6
1140.6
1140.6
1140.6
1140.6
1140.6
1140.6
1140.6
1140.6
1140.6
1140.6
1140.6
1140.6
1140.6
1140.6
1140.6
1140.6
1140.6
1140.6
1140.6
1140.6
1140.6
1140.6
1140.6
1140.6
1140.6
1140.6
1140.6
1140.6
1140.6
1140.6
1140.6
1140.6
1140.6
1140.6
1140.6
1140.6
1140.6
1140.6
1140.6
1140.6
1140.6
1140.6
1140.6
1140.6
1140.6
1140.6
1140.6
1140.6
1140.6
1140.6
1140.6
1140.6
1140.6
1140.6
1140.6
1140.6
1140.6
1140.6
1140.6
1140.6
1140.6
1140.6
1140.6
1140.6
1140.6
1140.6
1140.6
1140.6
1140.6
1140.6
1140.6
1140.6
1140.6
1140.6
1140.6
1140.6
1140.6
1140.6
1140.6
1140.6
1140.6
1140.6
1140.6
1140.6
1140.6
1140.6
1140.6
1140.6
1140.6
1140.6
1140.6
1140.6
1140.6
1140.6
1140.6
1140.6
1140.6
1140.6
1140.6
1140.6
1140.6
1140.6
1140.6
1140.6
1140.6
1140.6
1140.6
1140.6
1140.6
1140.6
1140.6
1140.6
1140.6
1140.6
1140.6
1140.6
1140.6
1140.6
1140.6
1140.6
1140.6
1140.6
1140.6
1140.6
1140.6
1140.6
1140.6
1140.6
1140.6
1140.6
1140.6
1140.6
1140.6
1140.6
1140.6
1140.6
1140.6
1140.6
1140.6
1140.6
1140.6
1140.6
1140.6
1140.6
1140.6
1140.6
1140.6
1140.6
1140.6
1140.6
1140.6
1140.6
1140.6
1140.6
1140.6
1140.6
1140.6
1140.6
1140.6
1140.6
1140.6
1140.6
1140.6
1140.6
1140.6
1140.6
1140.6
1140.6
1140.6
1140.6
1140.6
1140.6
1140.6
1140.6
1140.6
1140.6
1140.6
1140.6
1140.6
1140.6
1140.6
1140.6
1140.6
1140.6
1140.6
1140.6
1140.6
1140.6
1140.6
1140.6
1140.6
1140.6
1140.6
1140.6
1140.6
1140.6
1140.6
1140.6
1140.6
1140.6
1140.6
1140.6
1140.6
1140.6
1140.6
1140.6
1140.6
1140.6
1140.6
1140.6
1140.6
1140.6
1140.6
1140.6
1140.6
1140.6
1140.6
1140.6
1140.6
1140.6
1140.6
1140.6
1140.6
1140.6
1140.6
1140.6
1140.6
1140.6
1140.6
1140.6
1140.6
1140.6
1140.6
